4 1
5 2
6 2
7 2
8 2
9 3
10 3
11 3
26 4
27 4
28 4
12 5
12 6
13 6
15 7
16 7
53 8
54 8
55 8
10 9
56 9
57 9
58 9
56 10
57 10
29 11
30 11
107 12
108 13
109 13
110 13
111 13
15 14
17 14
18 14
19 14
17 15
27 15
59 15
31 16
32 16
59 17
60 17
61 17
62 18
63 18
21 20
33 20
34 20
35 20
23 21
23 22
37 22
140 23
141 23
43 24
112 24
38 25
40 25
64 26
65 26
142 27
143 27
67 28
68 28
30 29
70 30
32 31
113 31
114 31
113 32
114 32
36 33
41 33
42 33
43 34
44 34
72 35
73 35
74 35
115 36
144 36
39 38
75 38
76 38
76 39
45 40
46 40
47 40
48 42
49 42
44 43
77 44
78 44
46 45
47 45
79 45
47 46
145 47
80 49
80 50
81 50
82 50
83 50
86 51
87 51
88 51
146 52
147 52
148 52
117 53
90 54
91 54
185 55
186 55
187 56
92 57
149 58
150 58
151 58
152 58
61 60
118 60
119 61
63 62
188 62
65 64
66 64
189 64
190 64
66 65
189 65
191 65
153 66
154 66
68 67
155 68
93 69
94 69
95 69
96 69
71 70
156 70
157 70
74 72
158 73
159 73
98 74
85 75
121 75
78 77
122 77
122 78
123 79
124 79
81 80
192 80
193 80
160 81
161 81
162 81
83 82
100 82
99 83
163 84
164 84
195 85
102 86
104 86
168 86
88 87
89 87
196 87
197 87
89 88
101 88
102 88
198 89
199 89
91 90
200 92
201 92
202 94
203 94
204 94
125 95
126 95
127 95
97 96
166 96
167 96
129 97
130 97
205 100
103 102
104 102
105 102
168 103
106 104
169 106
358 107
359 107
109 108
111 108
132 108
132 109
132 111
268 112
361 112
114 113
116 115
362 115
207 117
208 117
209 117
210 118
211 120
212 120
213 120
363 121
364 121
124 123
170 125
171 125
172 125
173 125
133 126
365 127
366 127
367 127
129 128
368 129
369 129
134 130
135 130
136 130
174 131
269 133
367 133
370 133
137 135
218 136
219 136
220 136
221 136
222 137
223 137
224 137
225 137
226 138
227 138
228 138
229 138
231 139
232 139
234 139
235 139
141 140
236 142
237 142
327 143
500 143
238 144
239 144
501 145
502 145
174 146
175 146
503 146
390 148
504 148
505 148
240 149
371 149
372 149
373 151
374 151
375 151
376 152
377 152
378 152
379 152
380 153
177 154
178 154
506 155
507 155
508 155
509 155
157 156
159 158
242 161
243 161
244 161
381 162
382 162
164 163
165 164
179 164
179 165
184 165
383 165
180 166
181 166
510 167
511 169
512 169
513 170
216 171
247 171
173 172
514 173
516 173
175 174
279 176
280 176
387 176
388 176
389 176
248 177
249 178
251 178
183 179
184 179
518 180
519 180
520 181
521 181
385 182
522 182
523 182
285 183
186 185
252 185
252 186
253 186
254 187
255 187
780 188
391 190
392 190
256 191
257 191
245 192
282 193
241 194
381 194
258 195
259 195
260 195
197 196
262 196
263 196
394 197
782 198
395 199
396 199
397 199
398 199
201 200
264 200
265 200
266 200
264 201
203 202
204 202
525 202
526 202
526 203
527 203
267 204
206 205
399 205
400 205
399 206
400 206
401 206
402 206
783 207
784 207
403 208
404 208
405 210
406 210
213 211
407 211
408 211
529 212
530 212
217 213
481 214
483 214
786 214
787 214
410 215
411 215
412 215
269 216
270 216
271 216
272 216
291 217
321 217
322 217
219 218
221 218
220 219
221 219
221 220
225 222
275 222
424 222
531 222
532 223
533 223
534 223
225 224
275 225
227 226
228 226
228 227
230 227
416 227
230 228
417 228
416 230
478 230
535 230
232 231
234 231
235 231
233 232
277 233
278 233
279 233
280 233
235 234
536 235
418 237
281 238
372 240
419 240
420 240
421 240
537 241
538 241
539 241
243 242
244 242
788 243
283 244
284 244
393 245
540 245
286 246
287 246
288 246
289 246
541 247
542 247
251 250
543 251
544 251
293 254
789 255
738 257
545 258
546 258
547 258
548 258
546 259
295 260
297 260
549 261
550 261
551 261
552 261
266 265
524 265
553 265
524 266
553 266
298 267
790 268
791 268
270 269
422 269
423 269
271 270
422 270
422 271
423 271
302 272
303 272
304 272
305 272
306 273
306 274
409 274
486 274